54,5
54,4
54,3
54,2
54,1
54,0
53,4
53,3
53,2
53,1
53,0
52,3
52,2
52,1
52,0
51,3
51,2
51,1
51,0
50,3
50,2
50,1
50,0
49,3
49,2
49,1
49,0
48,5
48,4
48,3
48,2
48,1
48,0
47,4
47,3
47,2
47,1
47,0
46,4
46,3
46,2
46,1
46,0
45,5
45,4
45,3
45,2
45,1
45,0
44,3
44,2
44,1
44,0
43,3
43,2
43,1
43,0
42,3
42,2
42,1
42,0
41,5
41,4
41,3
41,2
41,1
41,0
40,4
40,3
40,2
40,1
40,0
39,4
39,3
39,2
39,1
39,0
38,5
38,4
38,3
38,2
38,1
38,0
37,3
37,2
37,1
37,0
0,447
0,446
36,3
36,2
0,445
0,444
36,1
36,0
0,443
0,442
35,3
35,2
0,441
0,440
35,1
35,0
0,439
0,438
0,437
0,436
0,435
0,434
0,433
0,432
0,431
34,5
0,415
0,414
0,413
0,412
34,4
0,411
0,410
0,409
34,3
34,2
0,408
34,1
34,0
0,407
0,406
0,405
0,404
33,4
0,403
0,402
0,401
33,3
33,2
0,400
33,1
33,0
0,399
0,398
0,397
32,4
32,3
32,2
32,1
32,0
0,396
